
% 2016-12-02 16:24:19

% my_logs/eval_/2_0_0/rep_7/Greedy_0_H2_log.m
scheduling_duration_us = 4093;

% schedule
schedule_f_t_n(:,:,1) = [0; 0; 0; 46; 35; 35; 9; 0; 0; 0; 0; 0; 0; 0; 0; 0; 0; 0; 0; 0; 0; 0; 0; 0; 0];
schedule_f_t_n(:,:,2) = [0; 0; 0; 0; 0; 0; 0; 0; 0; 0; 0; 0; 0; 0; 0; 0; 0; 0; 0; 0; 0; 0; 0; 0; 0];
schedule_f_t_n(:,:,3) = [0; 0; 0; 0; 11; 11; 11; 11; 11; 11; 11; 11; 11; 11; 11; 0; 0; 0; 0; 0; 0; 0; 0; 0; 0];
schedule_f_t_n(:,:,4) = [0; 0; 0; 0; 0; 0; 0; 0; 0; 0; 0; 35; 18; 0; 0; 0; 0; 0; 0; 0; 0; 0; 0; 0; 0];

% cost function results
vioSt = [1767, 0, 0, 1106];
vioDl = [0, 0, 0, 0];
vioNon = [0, 563, 1280, 0];
vioTpMin = [0, 0, 0, 0, 0, 0, 0, 0, 0, 0, 0, 0, 0, 0, 0, 0, 0, 27, 27, 0, 0, 0, 0, 0, 0; 0, 0, 0, 0, 0, 0, 0, 0, 0, 0, 0, 0, 0, 0, 0, 0, 0, 0, 0, 0, 0, 0, 0, 0, 0; 0, 0, 0, 11, 0, 0, 0, 0, 0, 0, 0, 0, 0, 0, 0, 11, 0, 0, 0, 0, 0, 0, 0, 0, 0; 0, 0, 0, 0, 0, 0, 0, 0, 0, 0, 0, 0, 0, 0, 0, 0, 1, 1, 1, 1, 1, 1, 1, 0, 0];
vioTp = [128, 0, 10200, 952];
vioLcy = [0, 0, 5632, 0];
vioJit = [0, 0, 1584, 0];
cost_vio = 223263;
cost_switches = 0;
cost_ch = 67275;
costTotal = 290538;

% Greedy_0_H2
% 
% ############### Network 0 ##############
% cap	|[0]46	|46	|46	|46	|46	|46	|46	|46	|46	|46	|[10]46	|46	|46	|46	|46	|46	|46	|46	|46	|46	|[20]46	|46	|46	|46	|46	|
% F0	|[0]	|	|	|46	|35	|35	|9	|	|	|	|[10]	|	|	|	|	|	|	|	|	|	|[20]	|	|	|	|	|
% F2	|[0]	|	|	|	|11	|11	|11	|11	|11	|11	|[10]11	|11	|11	|11	|11	|	|	|	|	|	|[20]	|	|	|	|	|
% F3	|[0]	|	|	|	|	|	|	|	|	|	|[10]	|35	|18	|	|	|	|	|	|	|	|[20]	|	|	|	|	|

