
% 2016-12-02 16:24:20

% my_logs/eval_/2_0_0/rep_10/GreedyOnline_H2_log.m
scheduling_duration_us = 2677;

% schedule
schedule_f_t_n(:,:,1) = [0; 0; 0; 0; 0; 0; 0; 24; 24; 24; 24; 24; 24; 24; 24; 0; 0; 0; 0; 0; 0; 0; 0; 0; 0];
schedule_f_t_n(:,:,2) = [34; 34; 34; 34; 34; 34; 34; 0; 0; 0; 0; 0; 0; 0; 0; 0; 0; 0; 0; 0; 0; 0; 0; 0; 0];
schedule_f_t_n(:,:,3) = [0; 0; 0; 0; 0; 0; 0; 10; 10; 10; 10; 10; 10; 10; 10; 10; 0; 0; 0; 0; 0; 0; 0; 0; 0];
schedule_f_t_n(:,:,4) = [0; 0; 0; 0; 0; 0; 0; 0; 0; 0; 0; 0; 0; 0; 0; 24; 11; 0; 0; 0; 0; 0; 0; 0; 0];

% cost function results
vioSt = [0, 0, 0, 0];
vioDl = [0, 0, 0, 0];
vioNon = [1536, 441, 120, 0];
vioTpMin = [0, 0, 0, 0, 0, 0, 0, 0, 0, 0, 0, 0, 0, 0, 0, 0, 0, 0, 0, 0, 0, 0, 0, 0, 0; 0, 0, 0, 0, 0, 0, 0, 0, 0, 0, 0, 0, 0, 0, 0, 0, 0, 0, 0, 0, 0, 0, 0, 0, 0; 0, 0, 0, 0, 0, 0, 0, 0, 0, 0, 0, 0, 0, 0, 0, 0, 0, 0, 0, 0, 0, 0, 0, 0, 0; 0, 0, 0, 0, 0, 0, 0, 0, 0, 0, 0, 0, 0, 0, 0, 0, 0, 0, 0, 1, 1, 1, 1, 1, 0];
vioTp = [0, 0, 0, 510];
vioLcy = [0, 0, 648, 0];
vioJit = [0, 0, 81, 0];
cost_vio = 21717;
cost_switches = 0;
cost_ch = 149850;
costTotal = 171567;

% GreedyOnline_H2
% 
% ############### Network 0 ##############
% cap	|[0]34	|34	|34	|34	|34	|34	|34	|34	|34	|34	|[10]34	|34	|34	|34	|34	|34	|34	|34	|34	|34	|[20]34	|34	|34	|34	|34	|
% F0	|[0]	|	|	|	|	|	|	|24	|24	|24	|[10]24	|24	|24	|24	|24	|	|	|	|	|	|[20]	|	|	|	|	|
% F1	|[0]34	|34	|34	|34	|34	|34	|34	|	|	|	|[10]	|	|	|	|	|	|	|	|	|	|[20]	|	|	|	|	|
% F2	|[0]	|	|	|	|	|	|	|10	|10	|10	|[10]10	|10	|10	|10	|10	|10	|	|	|	|	|[20]	|	|	|	|	|
% F3	|[0]	|	|	|	|	|	|	|	|	|	|[10]	|	|	|	|	|24	|11	|	|	|	|[20]	|	|	|	|	|

