
% 2016-12-02 16:24:21

% my_logs/eval_/2_0_0/rep_11/GreedyOnline_H2_log.m
scheduling_duration_us = 3290;

% schedule
schedule_f_t_n(:,:,1) = [0; 0; 0; 0; 0; 0; 0; 0; 20; 20; 20; 20; 10; 10; 10; 10; 10; 10; 10; 10; 0; 0; 0; 0; 0];
schedule_f_t_n(:,:,2) = [20; 20; 20; 20; 20; 20; 20; 20; 0; 0; 0; 0; 0; 0; 0; 0; 0; 0; 0; 0; 0; 0; 0; 0; 0];
schedule_f_t_n(:,:,3) = [0; 0; 0; 0; 0; 0; 0; 0; 0; 0; 0; 0; 10; 10; 10; 10; 10; 10; 10; 10; 10; 10; 10; 0; 0];
schedule_f_t_n(:,:,4) = [0; 0; 0; 0; 0; 0; 0; 0; 0; 0; 0; 0; 0; 0; 0; 0; 0; 0; 0; 0; 0; 0; 0; 0; 0];

% cost function results
vioSt = [0, 0, 0, 0];
vioDl = [0, 0, 0, 0];
vioNon = [1800, 1832, 110, 7520];
vioTpMin = [0, 0, 0, 0, 0, 0, 0, 0, 0, 0, 0, 0, 0, 0, 0, 0, 0, 0, 0, 0, 0, 0, 0, 0, 0; 0, 0, 0, 0, 0, 0, 0, 0, 0, 0, 0, 0, 0, 0, 0, 0, 0, 0, 0, 0, 0, 0, 0, 0, 0; 0, 0, 0, 0, 0, 0, 0, 0, 0, 0, 0, 0, 0, 0, 0, 0, 0, 0, 0, 0, 0, 0, 0, 0, 0; 0, 0, 0, 0, 0, 0, 0, 0, 0, 0, 0, 0, 1, 1, 1, 1, 1, 1, 1, 1, 0, 0, 0, 0, 0];
vioTp = [0, 0, 0, 816];
vioLcy = [0, 0, 1408, 0];
vioJit = [0, 0, 693, 0];
cost_vio = 125713;
cost_switches = 0;
cost_ch = 148350;
costTotal = 274063;

% GreedyOnline_H2
% 
% ############### Network 0 ##############
% cap	|[0]20	|20	|20	|20	|20	|20	|20	|20	|20	|20	|[10]20	|20	|20	|20	|20	|20	|20	|20	|20	|20	|[20]20	|20	|20	|20	|20	|
% F0	|[0]	|	|	|	|	|	|	|	|20	|20	|[10]20	|20	|10	|10	|10	|10	|10	|10	|10	|10	|[20]	|	|	|	|	|
% F1	|[0]20	|20	|20	|20	|20	|20	|20	|20	|	|	|[10]	|	|	|	|	|	|	|	|	|	|[20]	|	|	|	|	|
% F2	|[0]	|	|	|	|	|	|	|	|	|	|[10]	|	|10	|10	|10	|10	|10	|10	|10	|10	|[20]10	|10	|10	|	|	|

