
% 2016-12-02 16:24:21

% my_logs/eval_/2_0_0/rep_11/Greedy_0_H2_log.m
scheduling_duration_us = 3766;

% schedule
schedule_f_t_n(:,:,1) = [0; 0; 0; 0; 0; 0; 20; 0; 0; 13; 20; 20; 15; 15; 15; 15; 15; 15; 15; 15; 7; 0; 0; 0; 0];
schedule_f_t_n(:,:,2) = [0; 0; 0; 0; 0; 0; 0; 0; 0; 0; 0; 0; 0; 0; 0; 0; 0; 0; 0; 0; 0; 0; 0; 0; 0];
schedule_f_t_n(:,:,3) = [0; 0; 0; 0; 0; 0; 0; 0; 0; 0; 0; 0; 5; 5; 5; 5; 5; 5; 5; 5; 5; 5; 5; 0; 0];
schedule_f_t_n(:,:,4) = [0; 0; 0; 0; 0; 0; 0; 20; 20; 7; 0; 0; 0; 0; 0; 0; 0; 0; 0; 0; 0; 0; 0; 0; 0];

% cost function results
vioSt = [80, 0, 0, 800];
vioDl = [63, 0, 0, 0];
vioNon = [0, 2472, 3135, 0];
vioTpMin = [0, 0, 0, 0, 0, 0, 0, 0, 0, 0, 0, 0, 0, 0, 0, 0, 0, 0, 0, 0, 0, 0, 0, 0, 0; 0, 0, 0, 0, 0, 0, 0, 0, 0, 0, 0, 0, 0, 0, 0, 0, 0, 0, 0, 0, 0, 0, 0, 0, 0; 0, 0, 0, 0, 0, 0, 0, 0, 0, 0, 0, 0, 0, 0, 0, 0, 0, 0, 0, 0, 0, 0, 0, 0, 0; 0, 0, 0, 0, 0, 0, 0, 0, 0, 0, 0, 0, 1, 1, 1, 1, 1, 1, 1, 1, 0, 0, 0, 0, 0];
vioTp = [0, 0, 0, 816];
vioLcy = [0, 0, 1408, 0];
vioJit = [0, 0, 693, 0];
cost_vio = 77515;
cost_switches = 0;
cost_ch = 104190;
costTotal = 181705;

% Greedy_0_H2
% 
% ############### Network 0 ##############
% cap	|[0]20	|20	|20	|20	|20	|20	|20	|20	|20	|20	|[10]20	|20	|20	|20	|20	|20	|20	|20	|20	|20	|[20]20	|20	|20	|20	|20	|
% F0	|[0]	|	|	|	|	|	|20	|	|	|13	|[10]20	|20	|15	|15	|15	|15	|15	|15	|15	|15	|[20]7	|	|	|	|	|
% F2	|[0]	|	|	|	|	|	|	|	|	|	|[10]	|	|5	|5	|5	|5	|5	|5	|5	|5	|[20]5	|5	|5	|	|	|
% F3	|[0]	|	|	|	|	|	|	|20	|20	|7	|[10]	|	|	|	|	|	|	|	|	|	|[20]	|	|	|	|	|

