
% 2016-11-08 15:55:12

% my_logs\eval_4_4_3Random_log.m
scheduling_duration_us = 606;

% schedule
schedule_f_t_n(:,:,1) = [0, 0, 0, 0, 0, 0, 0, 0; 0, 0, 0, 0, 0, 0, 0, 0; 0, 0, 0, 0, 0, 0, 0, 0; 0, 60, 0, 0, 0, 0, 0, 0; 0, 0, 0, 0, 0, 0, 0, 0; 0, 0, 0, 0, 0, 0, 0, 0; 0, 0, 0, 0, 0, 0, 0, 0; 0, 0, 0, 0, 0, 0, 0, 0; 0, 0, 0, 0, 0, 0, 0, 0; 0, 0, 0, 0, 0, 0, 0, 0];
schedule_f_t_n(:,:,2) = [11, 0, 0, 0, 0, 0, 0, 0; 0, 0, 0, 0, 3, 0, 0, 0; 0, 0, 0, 80, 0, 0, 0, 0; 0, 19, 0, 0, 0, 0, 0, 0; 0, 0, 0, 0, 8, 0, 0, 0; 0, 0, 0, 0, 0, 0, 0, 0; 0, 0, 0, 0, 0, 0, 0, 0; 0, 0, 0, 0, 0, 0, 0, 0; 0, 0, 0, 0, 0, 0, 0, 0; 0, 0, 0, 0, 0, 0, 0, 0];
schedule_f_t_n(:,:,3) = [0, 0, 0, 0, 0, 0, 0, 0; 0, 0, 0, 0, 0, 0, 0, 0; 0, 0, 0, 0, 0, 0, 0, 0; 0, 0, 0, 0, 0, 0, 0, 0; 0, 0, 0, 0, 16, 0, 0, 0; 0, 16, 0, 0, 0, 0, 0, 0; 0, 0, 0, 0, 0, 0, 0, 0; 0, 0, 0, 0, 0, 0, 0, 0; 0, 0, 0, 0, 0, 0, 0, 0; 0, 0, 0, 0, 0, 0, 0, 0];
schedule_f_t_n(:,:,4) = [10, 0, 0, 0, 0, 0, 0, 0; 0, 0, 0, 0, 0, 0, 0, 0; 0, 0, 0, 0, 0, 0, 0, 0; 0, 0, 0, 0, 0, 0, 0, 0; 0, 0, 0, 0, 0, 0, 0, 0; 0, 0, 0, 0, 0, 0, 0, 0; 0, 0, 0, 0, 0, 0, 0, 0; 0, 0, 0, 0, 0, 0, 0, 0; 0, 0, 0, 0, 0, 0, 0, 0; 0, 0, 0, 0, 0, 0, 0, 0];
schedule_f_t_n(:,:,5) = [0, 0, 0, 0, 0, 0, 0, 0; 0, 0, 0, 0, 45, 0, 0, 0; 0, 0, 0, 0, 0, 0, 0, 0; 0, 0, 0, 0, 0, 0, 0, 0; 0, 0, 0, 0, 0, 0, 0, 0; 0, 0, 0, 0, 0, 0, 0, 0; 0, 0, 0, 0, 0, 0, 0, 0; 0, 0, 0, 0, 0, 0, 0, 0; 0, 0, 0, 0, 0, 0, 0, 0; 0, 0, 0, 0, 0, 0, 0, 0];
schedule_f_t_n(:,:,6) = [0, 0, 0, 0, 0, 0, 0, 0; 0, 0, 0, 75, 0, 0, 0, 0; 29, 0, 0, 0, 0, 0, 0, 0; 0, 0, 0, 0, 48, 0, 0, 0; 0, 18, 0, 0, 0, 0, 0, 0; 0, 0, 0, 0, 0, 0, 0, 0; 0, 0, 0, 0, 0, 0, 0, 0; 0, 0, 0, 0, 0, 0, 0, 0; 0, 0, 0, 0, 0, 0, 0, 0; 0, 0, 0, 0, 0, 0, 0, 0];
schedule_f_t_n(:,:,7) = [5, 0, 0, 0, 0, 0, 0, 0; 0, 0, 0, 5, 0, 0, 0, 0; 5, 0, 0, 0, 0, 0, 0, 0; 0, 5, 0, 0, 0, 0, 0, 0; 0, 5, 0, 0, 0, 0, 0, 0; 0, 0, 0, 0, 5, 0, 0, 0; 5, 0, 0, 0, 0, 0, 0, 0; 0, 5, 0, 0, 0, 0, 0, 0; 0, 0, 0, 0, 0, 0, 0, 0; 0, 0, 0, 0, 0, 0, 0, 0];
schedule_f_t_n(:,:,8) = [8, 0, 0, 0, 0, 0, 0, 0; 0, 0, 0, 0, 0, 0, 0, 0; 0, 0, 0, 0, 0, 0, 0, 0; 0, 0, 0, 0, 0, 0, 0, 0; 0, 0, 0, 0, 0, 0, 0, 0; 0, 0, 0, 0, 0, 0, 0, 0; 0, 0, 0, 0, 0, 0, 0, 0; 0, 0, 0, 0, 0, 0, 0, 0; 0, 0, 0, 0, 0, 0, 0, 0; 0, 0, 0, 0, 0, 0, 0, 0];

% cost function results
costTotal = 187189;

% per run statistics
per_run_cost = [163053, 253766, 170035, 159989, 256880, 210453, 97746, 105874, 259760, 124351, 316306, 149634, 104965, 270604, 198598, 106949, 156148, 111633, 190264, 125594, 127376, 123885, 154177, 107711, 188189, 100394, 217969, 157197, 268555, 261566, 111848, 209237, 161844, 264872, 262672, 254453, 324191, 322616, 262831, 265149, 264114, 150911, 115809, 108238, 309265, 105574, 212254, 110478, 112174, 102061, 163724, 259466, 170328, 191710, 257473, 166840, 113516, 162911, 144322, 247232, 225158, 113318, 310938, 262909, 210685, 166643, 211941, 174479, 167691, 95637, 268970, 114589, 107951, 212205, 276338, 360413, 108257, 206644, 209259, 205836, 312551, 164316, 164463, 198510, 193633, 152171, 263046, 167657, 163476, 307482, 143667, 158651, 112224, 161378, 147227, 156068, 108057, 118459, 123278, 260987, 194824, 160774, 89781, 251501, 173130, 173653, 264706, 265142, 212628, 268981, 302444, 114274, 270453, 97456, 106611, 157616, 101793, 106961, 108501, 115927, 155425, 110996, 208110, 313604, 161774, 314346, 163851, 163670, 158431, 258445, 153481, 141366, 310400, 201012, 123315, 264767, 118193, 157486, 213890, 262919, 113548, 92469, 113226, 316137, 263677, 214034, 130975, 105121, 208245, 153524, 283101, 271228, 161635, 211186, 117847, 105421, 198876, 216298, 302840, 175310, 212064, 270862, 99089, 106643, 255492, 197682, 159327, 154939, 132164, 316277, 155162, 290165, 153484, 174823, 306260, 116731, 269563, 114657, 169919, 208897, 208194, 199217, 76019, 257975, 116331, 208708, 108550, 104449, 158795, 250565, 122000, 207426, 164820, 156634, 223315, 122876, 215643, 253730, 321808, 114469];
per_run_duration_us = [680, 620, 677, 918, 834, 737, 672, 652, 725, 684, 911, 1712, 833, 777, 574, 827, 621, 761, 680, 750, 617, 694, 817, 650, 798, 607, 732, 777, 788, 725, 710, 737, 691, 645, 777, 693, 810, 712, 718, 702, 679, 630, 725, 614, 745, 771, 600, 616, 729, 636, 576, 697, 780, 764, 732, 534, 747, 695, 742, 688, 633, 628, 668, 703, 608, 574, 589, 686, 719, 549, 685, 714, 604, 1191, 1393, 1424, 615, 575, 634, 582, 578, 709, 476, 584, 609, 582, 584, 626, 1311, 1376, 619, 642, 561, 604, 585, 605, 675, 592, 587, 522, 537, 546, 511, 588, 534, 558, 592, 520, 520, 570, 572, 657, 523, 501, 557, 483, 597, 561, 536, 625, 536, 542, 490, 477, 563, 570, 486, 490, 521, 573, 486, 490, 549, 500, 538, 511, 508, 482, 468, 479, 544, 517, 499, 523, 461, 520, 510, 529, 436, 460, 472, 480, 454, 450, 1297, 489, 447, 480, 496, 484, 498, 459, 512, 438, 446, 436, 459, 511, 415, 427, 493, 396, 460, 444, 419, 461, 429, 464, 446, 385, 393, 440, 425, 410, 449, 401, 496, 427, 394, 415, 414, 361, 439, 425, 413, 443, 401, 383, 374, 467];

