
% 2016-12-02 16:30:35

% my_logs/eval_/2_0_0/rep_0/GreedyOnline_H2_log.m
scheduling_duration_us = 2418;

% schedule
schedule_f_t_n(:,:,1) = [0; 0; 0; 0; 54; 54; 54; 50; 0; 0; 0; 0; 0; 0; 0; 0; 0; 0; 0; 0; 0; 0; 0; 0; 0];
schedule_f_t_n(:,:,2) = [54; 54; 54; 54; 0; 0; 0; 4; 27; 0; 0; 0; 0; 0; 0; 0; 0; 0; 0; 0; 0; 0; 0; 0; 0];
schedule_f_t_n(:,:,3) = [0; 0; 0; 0; 0; 0; 0; 0; 0; 14; 14; 14; 14; 14; 14; 14; 14; 0; 0; 0; 0; 0; 0; 0; 0];
schedule_f_t_n(:,:,4) = [0; 0; 0; 0; 0; 0; 0; 0; 0; 25; 0; 0; 0; 0; 0; 0; 0; 0; 0; 0; 0; 0; 0; 0; 0];

% cost function results
vioSt = [0, 0, 0, 0];
vioDl = [0, 0, 0, 0];
vioNon = [0, 0, 192, 0];
vioTpMin = [0, 0, 0, 0, 0, 0, 0, 0, 0, 0, 0, 0, 0, 0, 0, 0, 0, 0, 0, 0, 0, 0, 0, 0, 0; 0, 0, 0, 0, 0, 0, 0, 0, 0, 0, 0, 0, 0, 0, 0, 0, 0, 0, 0, 0, 0, 0, 0, 0, 0; 0, 0, 0, 0, 0, 0, 0, 0, 0, 0, 0, 0, 0, 0, 0, 0, 0, 0, 0, 0, 0, 0, 0, 0, 0; 0, 0, 0, 0, 0, 0, 0, 0, 0, 0, 0, 0, 1, 1, 0, 0, 0, 0, 0, 0, 0, 0, 0, 0, 0];
vioTp = [0, 0, 0, 272];
vioLcy = [0, 0, 3528, 0];
vioJit = [0, 0, 256, 0];
cost_vio = 34256;
cost_switches = 0;
cost_ch = 187740;
costTotal = 221996;

% GreedyOnline_H2
% 
% ############### Network 0 ##############
% cap	|[0]54	|54	|54	|54	|54	|54	|54	|54	|54	|54	|[10]54	|54	|54	|54	|54	|54	|54	|54	|54	|54	|[20]54	|54	|54	|54	|54	|
% F0	|[0]	|	|	|	|54	|54	|54	|50	|	|	|[10]	|	|	|	|	|	|	|	|	|	|[20]	|	|	|	|	|
% F1	|[0]54	|54	|54	|54	|	|	|	|4	|27	|	|[10]	|	|	|	|	|	|	|	|	|	|[20]	|	|	|	|	|
% F2	|[0]	|	|	|	|	|	|	|	|	|14	|[10]14	|14	|14	|14	|14	|14	|14	|	|	|	|[20]	|	|	|	|	|
% F3	|[0]	|	|	|	|	|	|	|	|	|25	|[10]	|	|	|	|	|	|	|	|	|	|[20]	|	|	|	|	|

