
% 2016-12-02 16:24:20

% my_logs/eval_/2_0_0/rep_9/Greedy_0_H2_log.m
scheduling_duration_us = 5308;

% schedule
schedule_f_t_n(:,:,1) = [0; 0; 0; 0; 0; 0; 0; 0; 0; 0; 0; 0; 0; 0; 0; 0; 0; 0; 0; 0; 0; 0; 0; 0; 0];
schedule_f_t_n(:,:,2) = [0; 0; 0; 0; 0; 0; 0; 0; 0; 0; 0; 0; 0; 0; 0; 0; 0; 0; 0; 0; 0; 0; 0; 0; 0];
schedule_f_t_n(:,:,3) = [0; 0; 0; 0; 0; 0; 0; 0; 1; 1; 1; 1; 1; 1; 1; 1; 1; 1; 1; 1; 1; 1; 1; 0; 0];
schedule_f_t_n(:,:,4) = [0; 0; 0; 0; 0; 0; 42; 0; 0; 0; 0; 0; 0; 0; 0; 0; 0; 0; 0; 0; 0; 0; 0; 0; 0];

% cost function results
vioSt = [0, 0, 0, 294];
vioDl = [0, 0, 0, 0];
vioNon = [5240, 6432, 1080, 0];
vioTpMin = [0, 0, 0, 0, 0, 0, 0, 0, 0, 0, 0, 0, 0, 0, 0, 0, 0, 0, 0, 0, 0, 0, 0, 0, 0; 0, 0, 0, 0, 0, 0, 0, 0, 0, 0, 0, 0, 0, 0, 0, 0, 0, 0, 0, 0, 0, 0, 0, 0, 0; 0, 0, 0, 0, 0, 0, 0, 0, 0, 0, 0, 0, 0, 0, 0, 0, 0, 0, 0, 0, 0, 0, 0, 0, 0; 0, 0, 0, 0, 0, 0, 0, 0, 0, 0, 1, 1, 1, 1, 1, 1, 1, 1, 1, 0, 0, 0, 0, 0, 0];
vioTp = [0, 0, 0, 612];
vioLcy = [0, 0, 2625, 0];
vioJit = [0, 0, 0, 0];
cost_vio = 81478;
cost_switches = 0;
cost_ch = 15390;
costTotal = 96868;

% Greedy_0_H2
% 
% ############### Network 0 ##############
% cap	|[0]44	|44	|44	|44	|44	|44	|44	|44	|44	|44	|[10]44	|44	|44	|44	|44	|44	|44	|44	|44	|44	|[20]44	|44	|44	|44	|44	|
% F2	|[0]	|	|	|	|	|	|	|	|1	|1	|[10]1	|1	|1	|1	|1	|1	|1	|1	|1	|1	|[20]1	|1	|1	|	|	|
% F3	|[0]	|	|	|	|	|	|42	|	|	|	|[10]	|	|	|	|	|	|	|	|	|	|[20]	|	|	|	|	|

