
% 2016-12-02 16:30:44

% my_logs/eval_/2_1_0/rep_0/GreedyOnline_H2_log.m
scheduling_duration_us = 10042;

% schedule
schedule_f_t_n(:,:,1) = [0; 0; 0; 0; 0; 0; 0; 0; 0; 0; 0; 0; 0; 0; 0; 0; 0; 0; 0; 0; 36; 36; 0; 10; 36; 36; 33; 0; 0; 0; 0; 0; 0; 0; 0; 0; 0; 0; 0; 0; 0; 0; 0; 0; 0; 0; 0; 0; 0; 0];
schedule_f_t_n(:,:,2) = [44; 44; 44; 44; 44; 44; 44; 44; 44; 36; 36; 36; 36; 36; 36; 36; 36; 36; 36; 36; 0; 0; 0; 0; 0; 0; 3; 36; 36; 36; 4; 0; 0; 0; 0; 0; 0; 0; 0; 0; 0; 0; 0; 0; 0; 0; 0; 0; 0; 0];
schedule_f_t_n(:,:,3) = [0; 0; 0; 0; 0; 0; 0; 0; 0; 8; 8; 8; 8; 8; 8; 8; 8; 8; 8; 8; 8; 8; 8; 8; 8; 8; 8; 8; 8; 8; 8; 8; 8; 8; 8; 8; 8; 8; 8; 8; 8; 8; 8; 8; 8; 8; 8; 8; 8; 0];
schedule_f_t_n(:,:,4) = [0; 0; 0; 0; 0; 0; 0; 0; 0; 0; 0; 0; 0; 0; 0; 0; 0; 0; 0; 0; 0; 0; 36; 26; 0; 0; 0; 0; 0; 0; 0; 0; 0; 0; 0; 0; 0; 0; 0; 0; 0; 0; 0; 0; 0; 0; 0; 0; 0; 0];

% cost function results
vioSt = [0, 0, 0, 0];
vioDl = [0, 0, 0, 0];
vioNon = [0, 0, 1020, 0];
vioTpMin = [0, 0, 0, 0, 0, 0, 0, 0, 0, 0, 0, 0, 0, 0, 0, 0, 0, 0, 0, 0, 0, 0, 0, 0, 0, 0, 0, 0, 0, 0, 0, 0, 0, 0, 0, 0, 0, 0, 0, 22, 22, 22, 22, 22, 22, 0, 0, 0, 0, 0; 0, 0, 0, 0, 0, 0, 0, 0, 0, 0, 0, 0, 0, 0, 0, 0, 0, 0, 0, 0, 0, 0, 0, 0, 0, 0, 0, 0, 0, 0, 0, 0, 0, 0, 0, 0, 0, 0, 0, 0, 0, 0, 0, 0, 0, 0, 0, 0, 0, 0; 0, 0, 0, 0, 0, 0, 0, 0, 0, 0, 0, 0, 0, 0, 0, 0, 0, 0, 0, 0, 0, 0, 0, 0, 0, 0, 0, 0, 0, 0, 0, 0, 0, 0, 0, 0, 0, 0, 0, 0, 0, 0, 0, 0, 0, 0, 0, 0, 0, 0; 0, 0, 0, 0, 0, 0, 0, 0, 0, 0, 0, 0, 0, 0, 0, 0, 0, 0, 0, 0, 0, 0, 0, 0, 0, 0, 1, 1, 1, 0, 0, 0, 0, 0, 0, 0, 0, 0, 0, 0, 0, 0, 0, 0, 0, 0, 0, 0, 0, 0];
vioTp = [282, 0, 0, 306];
vioLcy = [0, 0, 20480, 0];
vioJit = [0, 0, 1280, 0];
cost_vio = 232810;
cost_switches = 0;
cost_ch = 464940;
costTotal = 697750;

% GreedyOnline_H2
% 
% ############### Network 0 ##############
% cap	|[0]44	|44	|44	|44	|44	|44	|44	|44	|44	|44	|[10]44	|44	|44	|44	|44	|44	|44	|44	|44	|44	|[20]44	|44	|44	|44	|44	|44	|44	|44	|44	|44	|[30]44	|44	|44	|44	|44	|44	|44	|44	|44	|44	|[40]44	|44	|44	|44	|44	|44	|44	|44	|44	|44	|
% F0	|[0]	|	|	|	|	|	|	|	|	|	|[10]	|	|	|	|	|	|	|	|	|	|[20]36	|36	|	|10	|36	|36	|33	|	|	|	|[30]	|	|	|	|	|	|	|	|	|	|[40]	|	|	|	|	|	|	|	|	|	|
% F1	|[0]44	|44	|44	|44	|44	|44	|44	|44	|44	|36	|[10]36	|36	|36	|36	|36	|36	|36	|36	|36	|36	|[20]	|	|	|	|	|	|3	|36	|36	|36	|[30]4	|	|	|	|	|	|	|	|	|	|[40]	|	|	|	|	|	|	|	|	|	|
% F2	|[0]	|	|	|	|	|	|	|	|	|8	|[10]8	|8	|8	|8	|8	|8	|8	|8	|8	|8	|[20]8	|8	|8	|8	|8	|8	|8	|8	|8	|8	|[30]8	|8	|8	|8	|8	|8	|8	|8	|8	|8	|[40]8	|8	|8	|8	|8	|8	|8	|8	|8	|	|
% F3	|[0]	|	|	|	|	|	|	|	|	|	|[10]	|	|	|	|	|	|	|	|	|	|[20]	|	|36	|26	|	|	|	|	|	|	|[30]	|	|	|	|	|	|	|	|	|	|[40]	|	|	|	|	|	|	|	|	|	|

