
% 2016-12-02 16:24:21

% my_logs/eval_/2_0_0/rep_12/GreedyOnlineOpp_0_H2_log.m
scheduling_duration_us = 2873;

% schedule
schedule_f_t_n(:,:,1) = [0; 0; 0; 0; 0; 0; 0; 0; 0; 0; 0; 0; 0; 0; 0; 0; 0; 0; 0; 0; 0; 0; 0; 0; 0];
schedule_f_t_n(:,:,2) = [0; 0; 0; 0; 0; 0; 0; 0; 0; 0; 0; 0; 0; 0; 0; 0; 0; 0; 0; 0; 0; 0; 0; 0; 0];
schedule_f_t_n(:,:,3) = [0; 0; 0; 8; 8; 8; 8; 8; 8; 8; 8; 8; 8; 8; 8; 8; 8; 8; 8; 8; 8; 8; 0; 0; 0];
schedule_f_t_n(:,:,4) = [0; 37; 6; 0; 0; 0; 0; 0; 0; 0; 0; 0; 0; 0; 0; 0; 0; 0; 0; 0; 0; 0; 0; 0; 0];

% cost function results
vioSt = [0, 0, 0, 0];
vioDl = [0, 0, 0, 0];
vioNon = [8800, 5445, 396, 0];
vioTpMin = [0, 0, 0, 0, 0, 0, 0, 0, 0, 0, 0, 0, 0, 0, 0, 0, 0, 0, 0, 0, 0, 0, 0, 0, 0; 0, 0, 0, 0, 0, 0, 0, 0, 0, 0, 0, 0, 0, 0, 0, 0, 0, 0, 0, 0, 0, 0, 0, 0, 0; 0, 0, 0, 0, 0, 0, 0, 0, 0, 0, 0, 0, 0, 0, 0, 0, 0, 0, 0, 0, 0, 0, 0, 0, 0; 0, 0, 0, 0, 0, 1, 1, 1, 1, 1, 1, 1, 1, 1, 1, 1, 1, 1, 1, 1, 0, 0, 0, 0, 0];
vioTp = [0, 0, 0, 2040];
vioLcy = [0, 0, 2736, 0];
vioJit = [0, 0, 684, 0];
cost_vio = 145031;
cost_switches = 0;
cost_ch = 67275;
costTotal = 212306;

% GreedyOnlineOpp_0_H2
% 
% ############### Network 0 ##############
% cap	|[0]37	|37	|37	|37	|37	|37	|37	|37	|37	|37	|[10]37	|37	|37	|37	|37	|37	|37	|37	|37	|37	|[20]37	|37	|37	|37	|37	|
% F2	|[0]	|	|	|8	|8	|8	|8	|8	|8	|8	|[10]8	|8	|8	|8	|8	|8	|8	|8	|8	|8	|[20]8	|8	|	|	|	|
% F3	|[0]	|37	|6	|	|	|	|	|	|	|	|[10]	|	|	|	|	|	|	|	|	|	|[20]	|	|	|	|	|

