
% 2016-12-02 16:24:21

% my_logs/eval_/2_0_0/rep_12/GreedyOnline_H2_log.m
scheduling_duration_us = 3760;

% schedule
schedule_f_t_n(:,:,1) = [0; 0; 0; 0; 0; 0; 0; 0; 29; 29; 29; 29; 29; 29; 29; 29; 29; 14; 0; 0; 0; 0; 0; 0; 0];
schedule_f_t_n(:,:,2) = [37; 37; 37; 29; 29; 29; 29; 29; 0; 0; 0; 0; 0; 0; 0; 0; 0; 0; 0; 0; 0; 0; 0; 0; 0];
schedule_f_t_n(:,:,3) = [0; 0; 0; 8; 8; 8; 8; 8; 8; 8; 8; 8; 8; 8; 8; 8; 8; 8; 8; 8; 8; 8; 0; 0; 0];
schedule_f_t_n(:,:,4) = [0; 0; 0; 0; 0; 0; 0; 0; 0; 0; 0; 0; 0; 0; 0; 0; 0; 15; 28; 0; 0; 0; 0; 0; 0];

% cost function results
vioSt = [0, 0, 0, 0];
vioDl = [0, 0, 0, 0];
vioNon = [0, 3141, 396, 0];
vioTpMin = [0, 0, 0, 0, 0, 0, 0, 0, 0, 0, 0, 0, 0, 0, 0, 0, 0, 0, 0, 0, 0, 0, 0, 0, 0; 0, 0, 0, 0, 0, 0, 0, 0, 0, 0, 0, 0, 0, 0, 0, 0, 0, 0, 0, 0, 0, 0, 0, 0, 0; 0, 0, 0, 0, 0, 0, 0, 0, 0, 0, 0, 0, 0, 0, 0, 0, 0, 0, 0, 0, 0, 0, 0, 0, 0; 0, 0, 0, 1, 1, 1, 1, 1, 1, 1, 1, 1, 1, 1, 1, 1, 1, 0, 0, 0, 0, 0, 0, 0, 0];
vioTp = [0, 0, 0, 1904];
vioLcy = [0, 0, 2736, 0];
vioJit = [0, 0, 684, 0];
cost_vio = 66631;
cost_switches = 0;
cost_ch = 250470;
costTotal = 317101;

% GreedyOnline_H2
% 
% ############### Network 0 ##############
% cap	|[0]37	|37	|37	|37	|37	|37	|37	|37	|37	|37	|[10]37	|37	|37	|37	|37	|37	|37	|37	|37	|37	|[20]37	|37	|37	|37	|37	|
% F0	|[0]	|	|	|	|	|	|	|	|29	|29	|[10]29	|29	|29	|29	|29	|29	|29	|14	|	|	|[20]	|	|	|	|	|
% F1	|[0]37	|37	|37	|29	|29	|29	|29	|29	|	|	|[10]	|	|	|	|	|	|	|	|	|	|[20]	|	|	|	|	|
% F2	|[0]	|	|	|8	|8	|8	|8	|8	|8	|8	|[10]8	|8	|8	|8	|8	|8	|8	|8	|8	|8	|[20]8	|8	|	|	|	|
% F3	|[0]	|	|	|	|	|	|	|	|	|	|[10]	|	|	|	|	|	|	|15	|28	|	|[20]	|	|	|	|	|

