
% 2016-12-02 16:24:23

% my_logs/eval_/2_0_0/rep_14/GreedyOnline_H2_log.m
scheduling_duration_us = 3770;

% schedule
schedule_f_t_n(:,:,1) = [0; 0; 0; 26; 26; 26; 26; 26; 26; 0; 0; 0; 0; 0; 0; 0; 0; 0; 0; 0; 0; 0; 0; 0; 0];
schedule_f_t_n(:,:,2) = [12; 26; 26; 0; 0; 0; 0; 0; 0; 26; 26; 26; 26; 26; 26; 26; 26; 26; 26; 0; 0; 0; 0; 0; 0];
schedule_f_t_n(:,:,3) = [0; 4; 4; 4; 4; 4; 4; 4; 4; 4; 4; 4; 4; 4; 4; 4; 4; 4; 4; 4; 0; 0; 0; 0; 0];
schedule_f_t_n(:,:,4) = [18; 0; 0; 0; 0; 0; 0; 0; 0; 0; 0; 0; 0; 0; 0; 0; 0; 0; 0; 0; 0; 0; 0; 0; 0];

% cost function results
vioSt = [0, 0, 0, 0];
vioDl = [0, 0, 0, 0];
vioNon = [0, 1272, 1020, 0];
vioTpMin = [0, 0, 0, 0, 0, 0, 0, 0, 0, 0, 0, 0, 0, 0, 0, 0, 0, 0, 0, 0, 0, 0, 0, 0, 0; 0, 0, 0, 0, 0, 0, 0, 0, 0, 0, 0, 0, 0, 0, 0, 0, 0, 0, 0, 0, 0, 0, 0, 0, 0; 0, 0, 0, 0, 0, 0, 0, 0, 0, 0, 0, 0, 0, 0, 0, 0, 0, 0, 0, 0, 0, 0, 0, 0, 0; 0, 0, 0, 1, 1, 1, 1, 1, 0, 0, 0, 0, 0, 0, 0, 0, 0, 0, 0, 0, 0, 0, 0, 0, 0];
vioTp = [0, 0, 0, 510];
vioLcy = [0, 0, 532, 0];
vioJit = [0, 0, 171, 0];
cost_vio = 24364;
cost_switches = 0;
cost_ch = 215250;
costTotal = 239614;

% GreedyOnline_H2
% 
% ############### Network 0 ##############
% cap	|[0]30	|30	|30	|30	|30	|30	|30	|30	|30	|30	|[10]30	|30	|30	|30	|30	|30	|30	|30	|30	|30	|[20]30	|30	|30	|30	|30	|
% F0	|[0]	|	|	|26	|26	|26	|26	|26	|26	|	|[10]	|	|	|	|	|	|	|	|	|	|[20]	|	|	|	|	|
% F1	|[0]12	|26	|26	|	|	|	|	|	|	|26	|[10]26	|26	|26	|26	|26	|26	|26	|26	|26	|	|[20]	|	|	|	|	|
% F2	|[0]	|4	|4	|4	|4	|4	|4	|4	|4	|4	|[10]4	|4	|4	|4	|4	|4	|4	|4	|4	|4	|[20]	|	|	|	|	|
% F3	|[0]18	|	|	|	|	|	|	|	|	|	|[10]	|	|	|	|	|	|	|	|	|	|[20]	|	|	|	|	|

