
% 2016-12-02 16:24:23

% my_logs/eval_/2_0_0/rep_14/Greedy_0_H2_log.m
scheduling_duration_us = 3245;

% schedule
schedule_f_t_n(:,:,1) = [0; 0; 0; 0; 0; 0; 0; 0; 0; 0; 0; 0; 0; 0; 0; 0; 0; 0; 0; 0; 0; 0; 0; 0; 0];
schedule_f_t_n(:,:,2) = [0; 0; 0; 0; 0; 0; 0; 0; 0; 0; 0; 0; 0; 0; 0; 0; 0; 0; 0; 0; 0; 0; 0; 0; 0];
schedule_f_t_n(:,:,3) = [0; 1; 1; 1; 1; 1; 1; 1; 1; 1; 1; 1; 1; 1; 1; 1; 1; 1; 1; 1; 0; 0; 0; 0; 0];
schedule_f_t_n(:,:,4) = [18; 0; 0; 0; 0; 0; 0; 0; 0; 0; 0; 0; 0; 0; 0; 0; 0; 0; 0; 0; 0; 0; 0; 0; 0];

% cost function results
vioSt = [0, 0, 0, 0];
vioDl = [0, 0, 0, 0];
vioNon = [3744, 3216, 4440, 0];
vioTpMin = [0, 0, 0, 0, 0, 0, 0, 0, 0, 0, 0, 0, 0, 0, 0, 0, 0, 0, 0, 0, 0, 0, 0, 0, 0; 0, 0, 0, 0, 0, 0, 0, 0, 0, 0, 0, 0, 0, 0, 0, 0, 0, 0, 0, 0, 0, 0, 0, 0, 0; 0, 0, 0, 0, 0, 0, 0, 0, 0, 0, 0, 0, 0, 0, 0, 0, 0, 0, 0, 0, 0, 0, 0, 0, 0; 0, 0, 0, 1, 1, 1, 1, 1, 0, 0, 0, 0, 0, 0, 0, 0, 0, 0, 0, 0, 0, 0, 0, 0, 0];
vioTp = [0, 0, 0, 510];
vioLcy = [0, 0, 532, 0];
vioJit = [0, 0, 171, 0];
cost_vio = 84916;
cost_switches = 0;
cost_ch = 13875;
costTotal = 98791;

% Greedy_0_H2
% 
% ############### Network 0 ##############
% cap	|[0]30	|30	|30	|30	|30	|30	|30	|30	|30	|30	|[10]30	|30	|30	|30	|30	|30	|30	|30	|30	|30	|[20]30	|30	|30	|30	|30	|
% F2	|[0]	|1	|1	|1	|1	|1	|1	|1	|1	|1	|[10]1	|1	|1	|1	|1	|1	|1	|1	|1	|1	|[20]	|	|	|	|	|
% F3	|[0]18	|	|	|	|	|	|	|	|	|	|[10]	|	|	|	|	|	|	|	|	|	|[20]	|	|	|	|	|

