
% 2016-12-02 16:24:18

% my_logs/eval_/2_0_0/rep_6/GreedyOnline_H2_log.m
scheduling_duration_us = 3307;

% schedule
schedule_f_t_n(:,:,1) = [0; 0; 0; 0; 0; 0; 0; 0; 0; 45; 45; 45; 2; 0; 0; 0; 0; 0; 0; 0; 0; 0; 0; 0; 0];
schedule_f_t_n(:,:,2) = [45; 45; 45; 17; 17; 17; 17; 17; 45; 0; 0; 0; 0; 32; 45; 45; 0; 0; 0; 0; 0; 0; 0; 0; 0];
schedule_f_t_n(:,:,3) = [0; 0; 0; 28; 28; 28; 28; 28; 0; 0; 0; 0; 0; 0; 0; 0; 0; 0; 0; 0; 0; 0; 0; 0; 0];
schedule_f_t_n(:,:,4) = [0; 0; 0; 0; 0; 0; 0; 0; 0; 0; 0; 0; 43; 13; 0; 0; 0; 0; 0; 0; 0; 0; 0; 0; 0];

% cost function results
vioSt = [0, 0, 0, 0];
vioDl = [0, 0, 0, 0];
vioNon = [0, 1128, 64, 0];
vioTpMin = [0, 0, 0, 0, 0, 0, 0, 0, 0, 0, 0, 0, 0, 0, 0, 0, 0, 0, 0, 0, 0, 0, 0, 0, 0; 0, 0, 0, 0, 0, 0, 0, 0, 0, 0, 0, 0, 0, 0, 0, 0, 0, 0, 0, 0, 0, 0, 0, 0, 0; 0, 0, 0, 0, 0, 0, 0, 0, 0, 0, 0, 0, 0, 0, 0, 0, 0, 0, 0, 0, 0, 0, 0, 0, 0; 0, 0, 0, 0, 0, 0, 0, 0, 0, 0, 0, 1, 0, 0, 0, 0, 1, 1, 1, 1, 1, 1, 1, 1, 0];
vioTp = [0, 0, 0, 612];
vioLcy = [0, 0, 560, 0];
vioJit = [0, 0, 0, 0];
cost_vio = 14496;
cost_switches = 0;
cost_ch = 248400;
costTotal = 262896;

% GreedyOnline_H2
% 
% ############### Network 0 ##############
% cap	|[0]45	|45	|45	|45	|45	|45	|45	|45	|45	|45	|[10]45	|45	|45	|45	|45	|45	|45	|45	|45	|45	|[20]45	|45	|45	|45	|45	|
% F0	|[0]	|	|	|	|	|	|	|	|	|45	|[10]45	|45	|2	|	|	|	|	|	|	|	|[20]	|	|	|	|	|
% F1	|[0]45	|45	|45	|17	|17	|17	|17	|17	|45	|	|[10]	|	|	|32	|45	|45	|	|	|	|	|[20]	|	|	|	|	|
% F2	|[0]	|	|	|28	|28	|28	|28	|28	|	|	|[10]	|	|	|	|	|	|	|	|	|	|[20]	|	|	|	|	|
% F3	|[0]	|	|	|	|	|	|	|	|	|	|[10]	|	|43	|13	|	|	|	|	|	|	|[20]	|	|	|	|	|

