
% 2016-12-02 16:24:15

% my_logs/eval_/2_0_0/rep_1/GreedyOnline_H2_log.m
scheduling_duration_us = 4314;

% schedule
schedule_f_t_n(:,:,1) = [0; 0; 0; 0; 0; 0; 0; 42; 42; 16; 0; 0; 0; 0; 0; 0; 0; 0; 0; 0; 0; 0; 0; 0; 0];
schedule_f_t_n(:,:,2) = [42; 42; 42; 42; 42; 42; 42; 0; 0; 0; 23; 18; 18; 18; 0; 0; 0; 0; 0; 0; 0; 0; 0; 0; 0];
schedule_f_t_n(:,:,3) = [0; 0; 0; 0; 0; 0; 0; 0; 0; 0; 0; 24; 24; 24; 24; 24; 24; 24; 0; 0; 0; 0; 0; 0; 0];
schedule_f_t_n(:,:,4) = [0; 0; 0; 0; 0; 0; 0; 0; 0; 26; 19; 0; 0; 0; 0; 0; 0; 0; 0; 0; 0; 0; 0; 0; 0];

% cost function results
vioSt = [0, 0, 0, 0];
vioDl = [0, 0, 0, 0];
vioNon = [0, 330, 0, 0];
vioTpMin = [0, 0, 0, 0, 0, 0, 0, 0, 0, 0, 0, 0, 0, 0, 0, 0, 0, 0, 0, 0, 0, 0, 0, 0, 0; 0, 0, 0, 0, 0, 0, 0, 0, 0, 0, 0, 0, 0, 0, 0, 0, 0, 0, 0, 0, 0, 0, 0, 0, 0; 0, 0, 0, 0, 0, 0, 0, 0, 0, 0, 0, 0, 0, 0, 0, 0, 0, 0, 0, 0, 0, 0, 0, 0, 0; 0, 0, 0, 0, 0, 0, 0, 0, 0, 0, 0, 0, 0, 1, 1, 1, 1, 1, 1, 1, 0, 0, 0, 0, 0];
vioTp = [0, 0, 0, 952];
vioLcy = [0, 0, 2268, 0];
vioJit = [0, 0, 567, 0];
cost_vio = 33461;
cost_switches = 0;
cost_ch = 205200;
costTotal = 238661;

% GreedyOnline_H2
% 
% ############### Network 0 ##############
% cap	|[0]42	|42	|42	|42	|42	|42	|42	|42	|42	|42	|[10]42	|42	|42	|42	|42	|42	|42	|42	|42	|42	|[20]42	|42	|42	|42	|42	|
% F0	|[0]	|	|	|	|	|	|	|42	|42	|16	|[10]	|	|	|	|	|	|	|	|	|	|[20]	|	|	|	|	|
% F1	|[0]42	|42	|42	|42	|42	|42	|42	|	|	|	|[10]23	|18	|18	|18	|	|	|	|	|	|	|[20]	|	|	|	|	|
% F2	|[0]	|	|	|	|	|	|	|	|	|	|[10]	|24	|24	|24	|24	|24	|24	|24	|	|	|[20]	|	|	|	|	|
% F3	|[0]	|	|	|	|	|	|	|	|	|26	|[10]19	|	|	|	|	|	|	|	|	|	|[20]	|	|	|	|	|

