
% 2016-12-02 16:24:15

% my_logs/eval_/2_0_0/rep_1/Greedy_0_H2_log.m
scheduling_duration_us = 3906;

% schedule
schedule_f_t_n(:,:,1) = [0; 0; 0; 0; 0; 39; 42; 19; 0; 0; 0; 0; 0; 0; 0; 0; 0; 0; 0; 0; 0; 0; 0; 0; 0];
schedule_f_t_n(:,:,2) = [0; 0; 0; 0; 0; 0; 0; 0; 0; 0; 0; 0; 0; 0; 0; 0; 0; 0; 0; 0; 0; 0; 0; 0; 0];
schedule_f_t_n(:,:,3) = [0; 0; 0; 0; 0; 0; 0; 0; 0; 0; 0; 8; 8; 8; 8; 8; 8; 8; 0; 0; 0; 0; 0; 0; 0];
schedule_f_t_n(:,:,4) = [0; 0; 0; 0; 42; 3; 0; 0; 0; 0; 0; 0; 0; 0; 0; 0; 0; 0; 0; 0; 0; 0; 0; 0; 0];

% cost function results
vioSt = [156, 0, 0, 1539];
vioDl = [0, 0, 0, 0];
vioNon = [0, 1072, 6048, 0];
vioTpMin = [0, 0, 0, 0, 0, 0, 0, 0, 0, 0, 0, 0, 0, 0, 0, 0, 0, 0, 0, 0, 0, 0, 0, 0, 0; 0, 0, 0, 0, 0, 0, 0, 0, 0, 0, 0, 0, 0, 0, 0, 0, 0, 0, 0, 0, 0, 0, 0, 0, 0; 0, 0, 0, 0, 0, 0, 0, 0, 0, 0, 0, 0, 0, 0, 0, 0, 0, 0, 0, 0, 0, 0, 0, 0, 0; 0, 0, 0, 0, 0, 0, 0, 0, 0, 1, 1, 1, 1, 1, 1, 1, 1, 1, 1, 1, 0, 0, 0, 0, 0];
vioTp = [0, 0, 0, 1496];
vioLcy = [0, 0, 2268, 0];
vioJit = [0, 0, 567, 0];
cost_vio = 106547;
cost_switches = 0;
cost_ch = 60300;
costTotal = 166847;

% Greedy_0_H2
% 
% ############### Network 0 ##############
% cap	|[0]42	|42	|42	|42	|42	|42	|42	|42	|42	|42	|[10]42	|42	|42	|42	|42	|42	|42	|42	|42	|42	|[20]42	|42	|42	|42	|42	|
% F0	|[0]	|	|	|	|	|39	|42	|19	|	|	|[10]	|	|	|	|	|	|	|	|	|	|[20]	|	|	|	|	|
% F2	|[0]	|	|	|	|	|	|	|	|	|	|[10]	|8	|8	|8	|8	|8	|8	|8	|	|	|[20]	|	|	|	|	|
% F3	|[0]	|	|	|	|42	|3	|	|	|	|	|[10]	|	|	|	|	|	|	|	|	|	|[20]	|	|	|	|	|

