
% 2016-12-02 16:24:22

% my_logs/eval_/2_0_0/rep_13/Greedy_0_H2_log.m
scheduling_duration_us = 2125;

% schedule
schedule_f_t_n(:,:,1) = [0; 0; 0; 0; 0; 0; 0; 0; 0; 0; 0; 0; 0; 0; 0; 0; 0; 0; 0; 0; 0; 0; 0; 0; 0];
schedule_f_t_n(:,:,2) = [0; 0; 0; 0; 0; 0; 0; 0; 0; 0; 0; 0; 0; 0; 0; 0; 0; 0; 0; 0; 0; 0; 0; 0; 0];
schedule_f_t_n(:,:,3) = [0; 0; 0; 0; 0; 0; 0; 0; 0; 0; 0; 3; 3; 3; 3; 3; 3; 3; 3; 3; 3; 3; 3; 3; 0];
schedule_f_t_n(:,:,4) = [0; 0; 0; 0; 0; 0; 0; 0; 0; 21; 0; 0; 0; 0; 0; 0; 0; 0; 0; 0; 0; 0; 0; 0; 0];

% cost function results
vioSt = [0, 0, 0, 588];
vioDl = [0, 0, 0, 0];
vioNon = [8430, 4944, 5328, 0];
vioTpMin = [0, 0, 0, 0, 0, 0, 0, 0, 0, 0, 0, 0, 0, 0, 0, 0, 0, 0, 0, 0, 69, 0, 0, 0, 0; 0, 0, 0, 0, 0, 0, 0, 0, 0, 0, 0, 0, 0, 0, 0, 0, 0, 0, 0, 0, 0, 0, 0, 0, 0; 0, 0, 0, 0, 0, 0, 0, 0, 0, 0, 0, 0, 0, 0, 0, 0, 0, 0, 0, 0, 0, 0, 0, 0, 0; 0, 0, 0, 0, 0, 0, 0, 0, 0, 0, 0, 0, 0, 0, 1, 1, 1, 1, 1, 1, 0, 0, 0, 0, 0];
vioTp = [59, 0, 0, 612];
vioLcy = [0, 0, 416, 0];
vioJit = [0, 0, 416, 0];
cost_vio = 124646;
cost_switches = 0;
cost_ch = 13500;
costTotal = 138146;

% Greedy_0_H2
% 
% ############### Network 0 ##############
% cap	|[0]59	|59	|59	|59	|59	|59	|59	|59	|59	|59	|[10]59	|59	|59	|59	|59	|59	|59	|59	|59	|59	|[20]59	|59	|59	|59	|59	|
% F2	|[0]	|	|	|	|	|	|	|	|	|	|[10]	|3	|3	|3	|3	|3	|3	|3	|3	|3	|[20]3	|3	|3	|3	|	|
% F3	|[0]	|	|	|	|	|	|	|	|	|21	|[10]	|	|	|	|	|	|	|	|	|	|[20]	|	|	|	|	|

