
% 2016-12-02 16:24:19

% my_logs/eval_/2_0_0/rep_8/Greedy_0_H2_log.m
scheduling_duration_us = 3356;

% schedule
schedule_f_t_n(:,:,1) = [0; 0; 0; 0; 0; 0; 0; 0; 0; 0; 0; 0; 0; 0; 0; 0; 0; 0; 0; 0; 0; 0; 0; 0; 0];
schedule_f_t_n(:,:,2) = [0; 0; 0; 0; 0; 0; 0; 0; 0; 0; 0; 0; 0; 0; 0; 0; 0; 0; 0; 0; 0; 0; 0; 0; 0];
schedule_f_t_n(:,:,3) = [0; 0; 1; 1; 1; 1; 1; 1; 1; 1; 1; 1; 1; 1; 1; 1; 1; 0; 0; 0; 0; 0; 0; 0; 0];
schedule_f_t_n(:,:,4) = [0; 0; 0; 0; 0; 0; 30; 12; 0; 0; 0; 0; 0; 0; 0; 0; 0; 0; 0; 0; 0; 0; 0; 0; 0];

% cost function results
vioSt = [0, 0, 0, 1188];
vioDl = [0, 0, 0, 0];
vioNon = [3000, 206, 1296, 0];
vioTpMin = [0, 0, 0, 0, 0, 0, 0, 0, 0, 0, 0, 0, 0, 0, 0, 0, 0, 0, 0, 0, 0, 0, 0, 0, 0; 0, 0, 0, 0, 0, 0, 0, 0, 0, 0, 0, 0, 0, 0, 0, 0, 0, 0, 0, 0, 0, 0, 0, 0, 0; 0, 0, 0, 0, 0, 0, 0, 0, 0, 0, 0, 0, 0, 0, 0, 0, 0, 0, 0, 0, 0, 0, 0, 0, 0; 0, 0, 0, 0, 0, 0, 0, 0, 0, 0, 0, 1, 1, 1, 1, 1, 1, 1, 0, 0, 0, 0, 0, 0, 0];
vioTp = [0, 0, 0, 952];
vioLcy = [0, 0, 1215, 0];
vioJit = [0, 0, 135, 0];
cost_vio = 63420;
cost_switches = 0;
cost_ch = 19665;
costTotal = 83085;

% Greedy_0_H2
% 
% ############### Network 0 ##############
% cap	|[0]31	|31	|31	|31	|31	|31	|31	|31	|31	|31	|[10]31	|31	|31	|31	|31	|31	|31	|31	|31	|31	|[20]31	|31	|31	|31	|31	|
% F2	|[0]	|	|1	|1	|1	|1	|1	|1	|1	|1	|[10]1	|1	|1	|1	|1	|1	|1	|	|	|	|[20]	|	|	|	|	|
% F3	|[0]	|	|	|	|	|	|30	|12	|	|	|[10]	|	|	|	|	|	|	|	|	|	|[20]	|	|	|	|	|

