
% 2016-12-02 16:24:24

% my_logs/eval_/2_0_0/rep_16/GreedyOnline_H2_log.m
scheduling_duration_us = 3580;

% schedule
schedule_f_t_n(:,:,1) = [0; 41; 41; 41; 41; 41; 7; 0; 0; 0; 0; 0; 0; 0; 0; 0; 0; 0; 0; 0; 0; 0; 0; 0; 0];
schedule_f_t_n(:,:,2) = [41; 0; 0; 0; 0; 0; 0; 25; 41; 28; 28; 28; 28; 28; 28; 28; 28; 28; 41; 41; 41; 13; 0; 0; 0];
schedule_f_t_n(:,:,3) = [0; 0; 0; 0; 0; 0; 0; 0; 0; 13; 13; 13; 13; 13; 13; 13; 13; 13; 0; 0; 0; 0; 0; 0; 0];
schedule_f_t_n(:,:,4) = [0; 0; 0; 0; 0; 0; 34; 16; 0; 0; 0; 0; 0; 0; 0; 0; 0; 0; 0; 0; 0; 0; 0; 0; 0];

% cost function results
vioSt = [0, 0, 0, 0];
vioDl = [0, 0, 0, 0];
vioNon = [0, 0, 144, 0];
vioTpMin = [0, 0, 0, 0, 0, 0, 0, 0, 0, 0, 0, 0, 0, 0, 0, 0, 0, 0, 0, 0, 0, 0, 0, 0, 0; 0, 0, 0, 0, 0, 0, 0, 0, 0, 0, 0, 0, 0, 0, 0, 0, 0, 0, 0, 0, 0, 0, 0, 0, 0; 0, 0, 0, 0, 0, 0, 0, 0, 0, 0, 0, 0, 0, 0, 0, 0, 0, 0, 0, 0, 0, 0, 0, 0, 0; 0, 0, 0, 0, 0, 0, 0, 0, 0, 0, 1, 1, 1, 1, 1, 1, 1, 0, 0, 0, 0, 0, 0, 0, 0];
vioTp = [0, 0, 0, 476];
vioLcy = [0, 0, 729, 0];
vioJit = [0, 0, 0, 0];
cost_vio = 11744;
cost_switches = 0;
cost_ch = 301530;
costTotal = 313274;

% GreedyOnline_H2
% 
% ############### Network 0 ##############
% cap	|[0]41	|41	|41	|41	|41	|41	|41	|41	|41	|41	|[10]41	|41	|41	|41	|41	|41	|41	|41	|41	|41	|[20]41	|41	|41	|41	|41	|
% F0	|[0]	|41	|41	|41	|41	|41	|7	|	|	|	|[10]	|	|	|	|	|	|	|	|	|	|[20]	|	|	|	|	|
% F1	|[0]41	|	|	|	|	|	|	|25	|41	|28	|[10]28	|28	|28	|28	|28	|28	|28	|28	|41	|41	|[20]41	|13	|	|	|	|
% F2	|[0]	|	|	|	|	|	|	|	|	|13	|[10]13	|13	|13	|13	|13	|13	|13	|13	|	|	|[20]	|	|	|	|	|
% F3	|[0]	|	|	|	|	|	|34	|16	|	|	|[10]	|	|	|	|	|	|	|	|	|	|[20]	|	|	|	|	|

