
% 2016-12-02 16:30:38

% my_logs/eval_/3_0_0/rep_0/GreedyOnline_H2_log.m
scheduling_duration_us = 8567;

% schedule
schedule_f_t_n(:,:,1) = [0; 27; 27; 27; 27; 27; 15; 0; 0; 0; 0; 0; 0; 0; 0; 0; 0; 0; 0; 0; 0; 0; 0; 0; 0];
schedule_f_t_n(:,:,2) = [27; 0; 0; 0; 0; 0; 7; 22; 22; 0; 6; 0; 0; 0; 0; 0; 0; 0; 0; 0; 0; 0; 0; 0; 0];
schedule_f_t_n(:,:,3) = [0; 0; 0; 0; 0; 0; 5; 5; 5; 5; 5; 5; 5; 5; 5; 5; 5; 5; 5; 0; 0; 0; 0; 0; 0];
schedule_f_t_n(:,:,4) = [0; 0; 0; 0; 0; 0; 0; 0; 0; 0; 0; 0; 0; 0; 0; 0; 0; 0; 0; 0; 0; 1; 20; 0; 0];
schedule_f_t_n(:,:,5) = [0; 0; 0; 0; 0; 0; 0; 0; 0; 0; 0; 22; 22; 22; 22; 22; 22; 22; 22; 27; 27; 20; 0; 0; 0];
schedule_f_t_n(:,:,6) = [0; 0; 0; 0; 0; 0; 0; 0; 0; 0; 0; 0; 0; 0; 0; 0; 0; 0; 0; 0; 0; 0; 0; 0; 0];
schedule_f_t_n(:,:,7) = [0; 0; 0; 0; 0; 0; 0; 0; 0; 0; 6; 0; 0; 0; 0; 0; 0; 0; 0; 0; 0; 6; 6; 0; 0];
schedule_f_t_n(:,:,8) = [0; 0; 0; 0; 0; 0; 0; 0; 0; 22; 10; 0; 0; 0; 0; 0; 0; 0; 0; 0; 0; 0; 0; 0; 0];

% cost function results
vioSt = [0, 0, 0, 0, 0, 0, 0, 0];
vioDl = [0, 0, 0, 0, 0, 0, 0, 0];
vioNon = [0, 1962, 324, 0, 0, 563, 3456, 0];
vioTpMin = [0, 0, 0, 0, 0, 0, 0, 0, 0, 0, 0, 0, 0, 0, 0, 0, 0, 0, 0, 0, 0, 0, 0, 0, 0; 0, 0, 0, 0, 0, 0, 0, 0, 0, 0, 0, 0, 0, 0, 0, 0, 0, 0, 0, 0, 0, 0, 0, 0, 0; 0, 0, 0, 0, 0, 0, 0, 0, 0, 0, 0, 0, 0, 0, 0, 0, 0, 0, 0, 0, 0, 0, 0, 0, 0; 0, 0, 0, 0, 0, 0, 0, 0, 0, 0, 0, 0, 0, 0, 1, 1, 1, 1, 1, 1, 1, 0, 0, 0, 0; 0, 0, 0, 0, 0, 0, 0, 0, 0, 0, 0, 0, 0, 0, 0, 0, 0, 0, 0, 0, 0, 0, 0, 0, 0; 0, 0, 0, 0, 0, 0, 0, 0, 0, 0, 0, 0, 0, 0, 0, 0, 0, 0, 0, 0, 0, 0, 0, 0, 0; 0, 0, 0, 0, 0, 0, 0, 0, 0, 0, 0, 2, 2, 2, 2, 2, 2, 2, 2, 2, 2, 0, 0, 0, 0; 0, 0, 0, 0, 0, 0, 0, 0, 0, 0, 0, 0, 0, 1, 1, 1, 1, 0, 0, 0, 0, 0, 0, 0, 0];
vioTp = [0, 0, 0, 952, 0, 0, 51000, 272];
vioLcy = [0, 0, 416, 0, 0, 0, 84, 0];
vioJit = [0, 0, 104, 0, 0, 0, 27, 0];
cost_vio = 460781;
cost_switches = 0;
cost_ch = 139500;
costTotal = 600281;

% GreedyOnline_H2
% 
% ############### Network 0 ##############
% cap	|[0]27	|27	|27	|27	|27	|27	|27	|27	|27	|27	|[10]27	|27	|27	|27	|27	|27	|27	|27	|27	|27	|[20]27	|27	|27	|27	|27	|
% F0	|[0]	|27	|27	|27	|27	|27	|15	|	|	|	|[10]	|	|	|	|	|	|	|	|	|	|[20]	|	|	|	|	|
% F1	|[0]27	|	|	|	|	|	|7	|22	|22	|	|[10]6	|	|	|	|	|	|	|	|	|	|[20]	|	|	|	|	|
% F2	|[0]	|	|	|	|	|	|5	|5	|5	|5	|[10]5	|5	|5	|5	|5	|5	|5	|5	|5	|	|[20]	|	|	|	|	|
% F3	|[0]	|	|	|	|	|	|	|	|	|	|[10]	|	|	|	|	|	|	|	|	|	|[20]	|1	|20	|	|	|
% F4	|[0]	|	|	|	|	|	|	|	|	|	|[10]	|22	|22	|22	|22	|22	|22	|22	|22	|27	|[20]27	|20	|	|	|	|
% F6	|[0]	|	|	|	|	|	|	|	|	|	|[10]6	|	|	|	|	|	|	|	|	|	|[20]	|6	|6	|	|	|
% F7	|[0]	|	|	|	|	|	|	|	|	|22	|[10]10	|	|	|	|	|	|	|	|	|	|[20]	|	|	|	|	|

