
% 2016-12-02 16:24:18

% my_logs/eval_/2_0_0/rep_5/GreedyOnline_H2_log.m
scheduling_duration_us = 3057;

% schedule
schedule_f_t_n(:,:,1) = [0; 0; 0; 0; 0; 0; 57; 57; 46; 46; 6; 0; 0; 0; 0; 0; 0; 0; 0; 0; 0; 0; 0; 0; 0];
schedule_f_t_n(:,:,2) = [57; 57; 57; 57; 33; 0; 0; 0; 0; 0; 0; 0; 0; 0; 0; 0; 0; 0; 0; 0; 0; 0; 0; 0; 0];
schedule_f_t_n(:,:,3) = [0; 0; 0; 0; 0; 0; 0; 0; 11; 11; 11; 11; 11; 0; 0; 0; 0; 0; 0; 0; 0; 0; 0; 0; 0];
schedule_f_t_n(:,:,4) = [0; 0; 0; 0; 0; 0; 0; 0; 0; 0; 0; 38; 0; 0; 0; 0; 0; 0; 0; 0; 0; 0; 0; 0; 0];

% cost function results
vioSt = [0, 0, 0, 0];
vioDl = [0, 0, 0, 0];
vioNon = [0, 0, 40, 0];
vioTpMin = [0, 0, 0, 0, 0, 0, 0, 0, 0, 0, 0, 0, 0, 0, 0, 0, 0, 0, 0, 0, 0, 0, 0, 0, 0; 0, 0, 0, 0, 0, 0, 0, 0, 0, 0, 0, 0, 0, 0, 0, 0, 0, 0, 0, 0, 0, 0, 0, 0, 0; 0, 0, 0, 0, 0, 0, 0, 0, 0, 0, 0, 0, 0, 0, 0, 0, 0, 0, 0, 0, 0, 0, 0, 0, 0; 0, 0, 0, 0, 0, 0, 0, 0, 0, 0, 0, 0, 0, 0, 1, 1, 1, 1, 1, 1, 1, 0, 0, 0, 0];
vioTp = [0, 0, 0, 714];
vioLcy = [0, 0, 1000, 0];
vioJit = [0, 0, 0, 0];
cost_vio = 14684;
cost_switches = 0;
cost_ch = 186780;
costTotal = 201464;

% GreedyOnline_H2
% 
% ############### Network 0 ##############
% cap	|[0]57	|57	|57	|57	|57	|57	|57	|57	|57	|57	|[10]57	|57	|57	|57	|57	|57	|57	|57	|57	|57	|[20]57	|57	|57	|57	|57	|
% F0	|[0]	|	|	|	|	|	|57	|57	|46	|46	|[10]6	|	|	|	|	|	|	|	|	|	|[20]	|	|	|	|	|
% F1	|[0]57	|57	|57	|57	|33	|	|	|	|	|	|[10]	|	|	|	|	|	|	|	|	|	|[20]	|	|	|	|	|
% F2	|[0]	|	|	|	|	|	|	|	|11	|11	|[10]11	|11	|11	|	|	|	|	|	|	|	|[20]	|	|	|	|	|
% F3	|[0]	|	|	|	|	|	|	|	|	|	|[10]	|38	|	|	|	|	|	|	|	|	|[20]	|	|	|	|	|

