
% 2016-12-02 16:24:16

% my_logs/eval_/2_0_0/rep_2/GreedyOnline_H2_log.m
scheduling_duration_us = 5311;

% schedule
schedule_f_t_n(:,:,1) = [0; 0; 0; 0; 0; 40; 40; 40; 40; 40; 0; 0; 0; 0; 0; 0; 0; 0; 0; 0; 0; 0; 0; 0; 0];
schedule_f_t_n(:,:,2) = [40; 40; 40; 40; 40; 0; 0; 0; 0; 0; 40; 40; 0; 0; 6; 17; 17; 17; 17; 17; 0; 0; 0; 0; 0];
schedule_f_t_n(:,:,3) = [0; 0; 0; 0; 0; 0; 0; 0; 0; 0; 0; 0; 23; 23; 23; 23; 23; 23; 23; 0; 0; 0; 0; 0; 0];
schedule_f_t_n(:,:,4) = [0; 0; 0; 0; 0; 0; 0; 0; 0; 0; 0; 0; 17; 17; 11; 0; 0; 0; 0; 0; 0; 0; 0; 0; 0];

% cost function results
vioSt = [0, 0, 0, 0];
vioDl = [0, 0, 0, 0];
vioNon = [0, 0, 0, 0];
vioTpMin = [0, 0, 0, 0, 0, 0, 0, 0, 0, 0, 0, 0, 0, 0, 0, 0, 0, 0, 0, 0, 0, 0, 0, 0, 0; 0, 0, 0, 0, 0, 0, 0, 0, 0, 0, 0, 0, 0, 0, 0, 0, 0, 0, 0, 0, 0, 0, 0, 0, 0; 0, 0, 0, 0, 0, 0, 0, 0, 0, 0, 0, 0, 0, 0, 0, 0, 0, 0, 0, 0, 0, 0, 0, 0, 0; 0, 0, 0, 0, 0, 0, 0, 0, 0, 0, 0, 0, 0, 0, 0, 0, 0, 1, 1, 1, 1, 0, 0, 0, 0];
vioTp = [0, 0, 0, 408];
vioLcy = [0, 0, 196, 0];
vioJit = [0, 0, 0, 0];
cost_vio = 6040;
cost_switches = 0;
cost_ch = 244755;
costTotal = 250795;

% GreedyOnline_H2
% 
% ############### Network 0 ##############
% cap	|[0]40	|40	|40	|40	|40	|40	|40	|40	|40	|40	|[10]40	|40	|40	|40	|40	|40	|40	|40	|40	|40	|[20]40	|40	|40	|40	|40	|
% F0	|[0]	|	|	|	|	|40	|40	|40	|40	|40	|[10]	|	|	|	|	|	|	|	|	|	|[20]	|	|	|	|	|
% F1	|[0]40	|40	|40	|40	|40	|	|	|	|	|	|[10]40	|40	|	|	|6	|17	|17	|17	|17	|17	|[20]	|	|	|	|	|
% F2	|[0]	|	|	|	|	|	|	|	|	|	|[10]	|	|23	|23	|23	|23	|23	|23	|23	|	|[20]	|	|	|	|	|
% F3	|[0]	|	|	|	|	|	|	|	|	|	|[10]	|	|17	|17	|11	|	|	|	|	|	|[20]	|	|	|	|	|

