
% 2016-12-02 16:24:17

% my_logs/eval_/2_0_0/rep_3/GreedyOnlineOpp_0_H2_log.m
scheduling_duration_us = 3921;

% schedule
schedule_f_t_n(:,:,1) = [0; 0; 0; 0; 0; 0; 0; 0; 0; 0; 0; 0; 0; 0; 0; 0; 0; 0; 0; 0; 0; 0; 0; 0; 0];
schedule_f_t_n(:,:,2) = [0; 0; 0; 0; 0; 0; 0; 0; 0; 0; 0; 0; 0; 0; 0; 0; 0; 0; 0; 0; 0; 0; 0; 0; 0];
schedule_f_t_n(:,:,3) = [0; 0; 0; 0; 0; 2; 2; 2; 2; 2; 2; 2; 2; 2; 2; 2; 2; 2; 2; 2; 2; 2; 2; 2; 0];
schedule_f_t_n(:,:,4) = [0; 0; 0; 0; 0; 0; 36; 0; 0; 0; 0; 0; 0; 0; 0; 0; 0; 0; 0; 0; 0; 0; 0; 0; 0];

% cost function results
vioSt = [0, 0, 0, 0];
vioDl = [0, 0, 0, 0];
vioNon = [3432, 1428, 972, 0];
vioTpMin = [0, 0, 0, 0, 0, 0, 0, 0, 0, 0, 0, 0, 0, 0, 0, 0, 0, 30, 30, 0, 0, 0, 0, 0, 0; 0, 0, 0, 0, 0, 0, 0, 0, 0, 0, 0, 0, 0, 0, 0, 0, 0, 0, 0, 0, 0, 0, 0, 0, 0; 0, 0, 0, 0, 0, 0, 0, 0, 0, 0, 0, 0, 0, 0, 0, 0, 0, 0, 0, 0, 0, 0, 0, 0, 0; 0, 0, 0, 0, 0, 0, 0, 0, 0, 1, 1, 1, 1, 1, 1, 1, 1, 1, 1, 0, 0, 0, 0, 0, 0];
vioTp = [110, 0, 0, 680];
vioLcy = [0, 0, 532, 0];
vioJit = [0, 0, 608, 0];
cost_vio = 48556;
cost_switches = 0;
cost_ch = 16650;
costTotal = 65206;

% GreedyOnlineOpp_0_H2
% 
% ############### Network 0 ##############
% cap	|[0]57	|57	|57	|57	|57	|57	|57	|57	|57	|57	|[10]57	|57	|57	|57	|57	|57	|57	|57	|57	|57	|[20]57	|57	|57	|57	|57	|
% F2	|[0]	|	|	|	|	|2	|2	|2	|2	|2	|[10]2	|2	|2	|2	|2	|2	|2	|2	|2	|2	|[20]2	|2	|2	|2	|	|
% F3	|[0]	|	|	|	|	|	|36	|	|	|	|[10]	|	|	|	|	|	|	|	|	|	|[20]	|	|	|	|	|

