
% 2016-12-02 16:24:17

% my_logs/eval_/2_0_0/rep_3/GreedyOnline_H2_log.m
scheduling_duration_us = 5232;

% schedule
schedule_f_t_n(:,:,1) = [0; 0; 0; 0; 0; 0; 0; 57; 57; 29; 0; 0; 0; 0; 0; 0; 0; 0; 0; 0; 0; 0; 0; 0; 0];
schedule_f_t_n(:,:,2) = [57; 57; 57; 57; 57; 55; 17; 0; 0; 0; 0; 0; 0; 0; 0; 0; 0; 0; 0; 0; 0; 0; 0; 0; 0];
schedule_f_t_n(:,:,3) = [0; 0; 0; 0; 0; 2; 2; 0; 0; 2; 2; 2; 2; 2; 2; 2; 2; 2; 2; 2; 2; 2; 2; 2; 0];
schedule_f_t_n(:,:,4) = [0; 0; 0; 0; 0; 0; 36; 0; 0; 0; 0; 0; 0; 0; 0; 0; 0; 0; 0; 0; 0; 0; 0; 0; 0];

% cost function results
vioSt = [0, 0, 0, 0];
vioDl = [0, 0, 0, 0];
vioNon = [0, 0, 1188, 0];
vioTpMin = [0, 0, 0, 0, 0, 0, 0, 0, 0, 0, 0, 0, 0, 0, 0, 0, 0, 0, 0, 0, 0, 0, 0, 0, 0; 0, 0, 0, 0, 0, 0, 0, 0, 0, 0, 0, 0, 0, 0, 0, 0, 0, 0, 0, 0, 0, 0, 0, 0, 0; 0, 0, 0, 0, 0, 0, 0, 0, 0, 0, 0, 0, 0, 0, 0, 0, 0, 0, 0, 0, 0, 0, 0, 0, 0; 0, 0, 0, 0, 0, 0, 0, 0, 0, 1, 1, 1, 1, 1, 1, 1, 1, 1, 1, 0, 0, 0, 0, 0, 0];
vioTp = [0, 0, 0, 680];
vioLcy = [0, 0, 476, 0];
vioJit = [0, 0, 544, 0];
cost_vio = 25312;
cost_switches = 0;
cost_ch = 128250;
costTotal = 153562;

% GreedyOnline_H2
% 
% ############### Network 0 ##############
% cap	|[0]57	|57	|57	|57	|57	|57	|57	|57	|57	|57	|[10]57	|57	|57	|57	|57	|57	|57	|57	|57	|57	|[20]57	|57	|57	|57	|57	|
% F0	|[0]	|	|	|	|	|	|	|57	|57	|29	|[10]	|	|	|	|	|	|	|	|	|	|[20]	|	|	|	|	|
% F1	|[0]57	|57	|57	|57	|57	|55	|17	|	|	|	|[10]	|	|	|	|	|	|	|	|	|	|[20]	|	|	|	|	|
% F2	|[0]	|	|	|	|	|2	|2	|	|	|2	|[10]2	|2	|2	|2	|2	|2	|2	|2	|2	|2	|[20]2	|2	|2	|2	|	|
% F3	|[0]	|	|	|	|	|	|36	|	|	|	|[10]	|	|	|	|	|	|	|	|	|	|[20]	|	|	|	|	|

